$ANSIBLE_VAULT;1.1;AES256
32666165646131396266613034336438363731316236623565386538626364356563336162653666
6262646239393764613438326465376332353563393164320a373664356238323131633863633030
66636332636637386533616363663563336336653861383038303962643934626130383835303136
6538663462306239380a333034666135386535653731396161613537353930396435646665313737
62643266633034336333613762653761353036383731656630386139376434373031653165653962
33633733343734373833356564396331333764333564373966323030303332333261393531646231
66336631376233353937313133636533343639353533306233623531386139623038626362333062
63383862326264663434343133613163373537336135643765353763343863616239376663393832
66383235303330363138646266346665633235666332623136326531653532313262313066633531
65393238636661626561613464363537653366383439653237383161616362326432363763633032
62633636663961636464353939313337633638643463663330313665363134643436316137393366
64313330383663633931633832613433613735306132373838663566333766303834656139363835
35383766626265663430356463386163336433363135653030616332386265383033636662633631
6434633766666632623133613738656234333634373835393730
